# from_timestamp_us, to_timestamp_us, file_index
51648500652, 51648600574, 820
51649000383, 51649100410, 830
51649500439, 51649600452, 840
51650000446, 51650100510, 850
51650500682, 51650600786, 860
51651002403, 51651103123, 870
51651507548, 51651607608, 880
51652007591, 51652107617, 890
51652507627, 51652607642, 900
51653007592, 51653107618, 910
51653507640, 51653607635, 920
51654007593, 51654107627, 930
51654507641, 51654607644, 940
51655007590, 51655107624, 950
51655506576, 51655605216, 960
51656001980, 51656101583, 970
51656500712, 51656600624, 980
51657000414, 51657100436, 990
51657500453, 51657600462, 1000
51658000434, 51658100469, 1010
51658500531, 51658600528, 1020
51659000538, 51659100590, 1030
51659500691, 51659600718, 1040
51660000821, 51660100908, 1050
51660501244, 51660601294, 1060
51661001436, 51661101512, 1070
51661501621, 51661601633, 1080
51662001670, 51662101723, 1090
51662501812, 51662601820, 1100
51663001755, 51663101761, 1110
51663501734, 51663601698, 1120
51664001599, 51664101614, 1130
51664501591, 51664601559, 1140
51665001449, 51665101458, 1150
51665501384, 51665601350, 1160
51666001166, 51666101162, 1170
51666501061, 51666601014, 1180
51667000858, 51667100853, 1190
51667500764, 51667600743, 1200
51668000625, 51668100640, 1210
51668500635, 51668600621, 1220
51669000539, 51669100565, 1230
51669500595, 51669600612, 1240
51670000676, 51670100746, 1250
51670500846, 51670600864, 1260
51671000856, 51671100904, 1270
51671500961, 51671600966, 1280
51672000911, 51672100933, 1290
51672500987, 51672601036, 1300
51673001126, 51673101184, 1310
51673501146, 51673601151, 1320
51674001077, 51674101089, 1330
51674501045, 51674601036, 1340
51675000975, 51675101031, 1350
51675501218, 51675601212, 1360
51676000975, 51676100938, 1370
51676500808, 51676600844, 1380
