# from_timestamp_us, to_timestamp_us, file_index
57923607612, 57923707606, 20
57924107583, 57924207609, 30
57924607602, 57924707609, 40
57925107606, 57925207588, 50
57925607613, 57925707611, 60
57926107604, 57926207590, 70
57926607607, 57926707614, 80
57927107595, 57927207589, 90
57927607598, 57927707592, 100
57928107577, 57928207591, 110
57928607596, 57928707599, 120
57929107572, 57929207586, 130
57929607599, 57929707598, 140
57930107575, 57930207593, 150
57930607598, 57930707604, 160
57931107573, 57931207583, 170
57931607584, 57931707591, 180
57932107564, 57932207578, 190
57932607595, 57932707577, 200
57933107566, 57933207572, 210
57933607585, 57933707588, 220
57934107573, 57934207567, 230
57934607600, 57934707595, 240
57935107560, 57935207570, 250
57935607579, 57935707585, 260
57936107578, 57936207572, 270
57936607585, 57936707580, 280
57937107577, 57937207567, 290
57937607576, 57937707578, 300
57938107571, 57938207561, 310
57938607578, 57938707573, 320
57939107546, 57939207560, 330
57939607577, 57939707579, 340
57940107568, 57940207554, 350
57940607563, 57940707558, 360
57941107547, 57941207565, 370
57941607554, 57941707561, 380
57942107542, 57942207552, 390
57942607569, 57942707567, 400
57943107540, 57943207554, 410
57943607563, 57943707566, 420
57944107535, 57944207537, 430
57944607566, 57944707568, 440
57945107533, 57945207539, 450
57945607540, 57945707543, 460
57946107552, 57946207550, 470
57946607555, 57946707558, 480
57947107547, 57947207549, 490
57947607558, 57947707552, 500
57948107545, 57948207539, 510
57948607536, 57948707543, 520
57949107524, 57949207542, 530
57949607539, 57949707557, 540
57950107518, 57950207524, 550
57950607529, 57950707536, 560
57951107537, 57951207523, 570
57951607548, 57951707547, 580
57952107516, 57952207534, 590
57952607527, 57952707533, 600
57953107534, 57953207512, 610
57953607529, 57953707528, 620
57954107509, 57954207519, 630
57954607532, 57954707534, 640
57955107511, 57955207513, 650
57955607518, 57955707537, 660
57956107506, 57956207512, 670
57956607517, 57956707523, 680
57957107504, 57957207506, 690
57957607523, 57957707526, 700
57958107503, 57958207505, 710
57958607522, 57958707529, 720
57959107498, 57959207500, 730
57959607517, 57959707523, 740
57960107492, 57960207494, 750
57960607503, 57960707510, 760
