# from_timestamp_us, to_timestamp_us, file_index
39550400396, 39550500400, 20
39550900417, 39551000368, 30
39551400439, 39551500442, 40
39551900447, 39552000394, 50
39552400451, 39552500450, 60
39552900474, 39553000409, 70
39553400460, 39553500464, 80
39553900463, 39554000410, 90
39554400455, 39554500453, 100
39554900458, 39555000410, 110
39555400446, 39555500449, 120
39555900444, 39556000390, 130
39556400436, 39556500434, 140
39556900438, 39557000386, 150
39557400440, 39557500447, 160
39557900460, 39558000407, 170
39558400456, 39558500454, 180
39558900459, 39559000392, 190
39559400426, 39559500428, 200
39559900463, 39560000410, 210
39560400503, 39560500556, 220
39560900668, 39561000636, 230
39561400782, 39561500822, 240
39561900931, 39562000912, 250
39562401091, 39562501127, 260
39562901152, 39563001078, 270
39576400440, 39576500437, 540
39576900419, 39577000374, 550
39577400424, 39577500404, 560
39577900427, 39578000362, 570
39578400403, 39578500405, 580
39578900427, 39579000366, 590
39579400430, 39579500442, 600
39579900485, 39580000438, 610
39580400473, 39580500470, 620
39580900500, 39581000446, 630
39581400479, 39581500496, 640
39581900538, 39582000487, 650
39582400499, 39582500521, 660
39582900494, 39583000418, 670
39583400427, 39583500420, 680
39583900403, 39584000340, 690
39584400411, 39584500417, 700
39584900466, 39585000425, 710
39585400526, 39585500549, 720
39585900558, 39586000501, 730
39586400541, 39586500531, 740
39586900498, 39587000439, 750
39587400514, 39587500534, 760
39587900570, 39588000514, 770
39588400538, 39588500534, 780
39588900502, 39589000464, 790
39597400886, 39597500906, 960
39597900884, 39598000823, 970
39598400904, 39598500924, 980
39598901012, 39599000955, 990
39599400910, 39599500918, 1000
39599900843, 39600000774, 1010
39600400754, 39600500718, 1020
39600900666, 39601000607, 1030
39601400580, 39601500566, 1040
39601900548, 39602000492, 1050
39602400522, 39602500528, 1060
39602900545, 39603000484, 1070
39603400535, 39603500543, 1080
39603900588, 39604000542, 1090
39604400619, 39604500620, 1100
39608900441, 39609000392, 1190
39609400429, 39609500440, 1200
39609900484, 39610000424, 1210
39610400524, 39610500559, 1220
39610900589, 39611000536, 1230
